3258
761
3010
1071
1730
3364
3693
2561
1225
625
3544
4676
1079
2875
4352
2448
1178
536
1017
712
3132
60
2581
3530
2261
4685
1653
1711
2522
4085
148
3969
4404
4654
2530
4176
4555
2760
4214
2668
953
2124
3398
3733
2487
595
4081
967
2748
3033
3036
1172
2679
925
2371
3809
1907
3417
2770
3611
1273
576
1725
1620
1267
1812
4275
2009
4687
3106
4813
2557
1546
298
946
2568
158
4394
1441
1368
2718
202
674
1636
4408
1250
3355
3090
2174
1830
4692
2170
3390
1262
1638
1466
1846
2486
4098
3058
177
3855
2989
3870
1987
3663
2762
1013
2716
336
2766
2217
3298
1453
1713
2517
2495
680
3409
3084
2463
1283
895
309
4637
1301
4915
533
588
2359
3116
4970
4756
2733
4094
696
3646
14
3552
1495
3169
4239
4982
2961
3266
1984
2076
3722
4623
4886
1866
1395
2386
743
579
1764
643
2388
2323
189
589
2626
1564
2339
3693
1465
4172
1439
3582
3640
2477
3472
2252
3047
2162
4000
3216
3686
487
4626
637
282
3386
4132
337
3307
4578
1711
1030
1085
3306
4048
1892
1104
2093
2437
1408
2717
2211
1796
1381
687
475
4016
3333
3334
1953
2323
1012
3318
980
148
929
1056
4177
4523
2011
4663
875
2160
2546
3615
333
2158
2994
1538
3112
761
483
2016
4695
313
374
2972
2356
2174
2931
1823
618
1383
769
1470
2423
2615
2022
3215
1129
1764
1330
1756
3770
1158
3698
4122
1911
407
3286
4839
880
3728
3901
3137
3524
3071
1273
1736
3201
3154
3196
1789
1224
623
1196
4446
3570
4943
2153
1814
4369
3511
1192
2055
2822
2233
1474
1573
4109
1302
822
4522
1220
3114
3631
2416
1874
2941
3900
3200
2991
4231
4361
462
246
1811
1998
3544
1469
4079
1169
4538
1285
4391
4591
107
984
4075
1955
2704
2791
2946
2812
1049
1998
1686
2685
4516
3158
1121
2098
4124
2088
776
4859
880
3077
3683
1047
4793
2984
1150
4951
4558
1133
377
3332
2088
3127
4947
4391
4008
3367
1993
1034
3918
693
297
3423
1244
403
1036
1603
3005
3519
2334
4963
1801
3866
3187
2097
432
1582
3107
1825
4817
3848
3370
214
3100
3733
4131
3520
2622
3607
1533
4301
3013
835
4073
3589
703
1020
3329
2159
4236
3243
949
583
3015
0
222
1966
975
3453
3354
2860
920
4780
2400
3650
1980
4600
3575
1351
2117
427
3136
3498
3560
1411
2971
3186
1578
3169
4081
3272
1544
419
2822
1959
4071
1153
2525
3060
950
1136
1811
658
4263
1756
2404
1427
3964
4827
2608
4193
3018
91
2109
3866
969
1182
3358
1062
3891
2511
1407
2225
77
2294
2752
917
4287
4801
1654
2572
4628
948
3016
4356
1082
772
317
981
3322
3428
4959
4210
1311
363
2393
3938
0
1063
718
2835
1998
100
3444
4009
4371
260
3796
4134
698
466
114
4161
2513
1151
1605
2636
4055
3353
2487
4363
890
1821
2625
188
3458
3410
4936
1689
3251
1730
2597
1865
1855
2570
2682
3412
1221
1457
4709
3634
3150
848
4409
1393
3408
4135
4216
3321
3176
4334
1340
3960
941
186
1632
1411
3417
842
2046
2503
395
198
4194
3113
4723
4412
4824
1171
2276
633
3525
3765
2853
1545
2183
4765
2734
2696
3895
4149
3006
2553
787
2166
2088
3662
3925
2529
1887
2979
3860
3171
4224
739
4907
1589
4649
3968
3305
3332
229
2541
3925
442
1783
98
2435
4190
1123
1386
2127
1005
386
530
3281
1900
3548
1081
3730
3225
739
3638
3516
185
3911
4337
1797
4991
644
3429
1028
2459
1638
1249
1390
3510
2893
1902
870
3378
2948
3271
4528
2593
477
4113
4065
952
3929
222
4042
1052
4914
2756
1493
4275
1104
1637
2605
1903
1208
3436
2269
1741
2129
570
1129
4270
1835
105
3313
4245
3744
2545
997
2894
741
2254
1333
329
4376
2109
1114
504
484
1896
1640
102
121
1275
1444
4369
4067
721
1471
368
1990
2059
174
387
279
4180
730
1983
4543
3050
3942
915
239
3050
971
1293
2372
722
1589
471
1722
825
4365
67
3158
1998
286
4868
738
2202
617
4334
743
1608
35
3259
1768
436
4611
4275
3713
1358
3254
3632
4267
922
270
3600
4901
4303
934
1534
195
230
4808
1139
1513
190
507
781
1446
3905
554
120
431
4920
980
1542
2649
2995
1086
4085
3519
3064
4743
271
3932
2825
619
1225
1003
478
4324
519
3680
1573
2386
3420
3520
2462
843
1079
459
1221
2720
1460
3500
1138
2202
309
3786
3431
4642
2726
4464
1237
3593
878
290
128
2297
2284
2151
1846
3571
4761
650
4434
72
2444
314
2379
2646
3525
265
3472
803
2153
3934
2888
2588
4562
90
3339
727
4257
3196
2803
4862
3131
4821
1143
545
1713
1863
2087
261
881
3705
1856
839
638
3068
4725
49
618
2118
1402
4735
982
212
525
4405
3689
546
1412
3831
2914
3731
429
4007
4221
3820
1247
925
4346
1424
4475
2726
188
738
2232
4953
2411
2395
1464
3538
1865
4881
1314
4855
582
4422
3728
1272
1012
1890
307
1309
498
4293
936
4548
1586
4258
2357
4177
1301
3003
1804
2499
3817
421
852
958
2260
4465
2315
2019
3618
889
4868
647
2477
2110
1046
2955
581
2661
1257
4266
267
2848
1024
3793
3938
4843
1376
1667
4961
2496
3251
150
3148
3294
2856
4664
2327
2992
706
2948
4155
3696
2812
3820
2000
3032
55
57
1304
4444
831
64
4967
1193
2527
2866
935
2774
4173
530
1891
3808
2348
3547
4804
376
4798
1858
408
161
3612
3505
4532
500
3738
112
1640
156
692
2716
1695
3010
4190
2903
3410
4799
4108
1164
4845
2122
2083
659
2990
3411
1575
3541
3334
101
427
1360
2053
4418
4065
1577
2987
3741
3712
4133
